171.4
85.8
92.0
165.3
166.5
113.3
164.4
95.4
298.8
275.5
273.0
362.2
198.3
54.8
192.2
195.8
281.3
134.1
109.6
138.6
213.5
392.7
456.7
557.9
85.4
157.7
156.9
171.6
264.5
110.6
204.5
125.8
226.0
238.6
367.4
388.8
206.9
109.9
280.7
237.2
261.6
130.9
233.2
179.0
270.5
337.3
525.5
359.0
158.5
117.3
397.2
267.7
228.0
141.9
52.0
173.7
238.7
282.1
424.2
156.2
284.3
180.6
186.0
258.8
271.6
217.0
123.1
254.4
195.2
278.6
362.4
343.4
276.2
146.9
178.2
277.4
166.2
168.9
120.9
274.5
183.3
298.2
259.2
280.3
75.8
175.3
200.0
243.8
154.3
125.4
190.5
205.6
183.8
326.2
290.6
319.3
75.8
88.6
141.7
148.9
237.6
168.2
233.3
303.8
296.0
187.0
180.8
295.0
323.9
158.4
269.6
122.2
217.2
152.4
128.6
228.0
277.4
298.1
278.0
222.5
249.6
126.1
226.2
203.5
122.5
142.4
122.5
160.6
312.1
171.7
306.6
270.7
289.1
207.1
155.4
300.3
156.2
153.9
191.7
160.9
264.1
216.8
332.9
347.5
135.7
50.9
194.3
209.3
169.4
119.7
145.7
117.5
227.4
235.6
303.5
246.1
263.5
118.2
162.3
212.2
144.5
184.5
125.2
207.8
240.2
320.0
325.7
257.2
189.5
102.6
207.4
183.5
129.5
100.0
180.3
118.9
241.2
333.0
294.4
201.9
57.1
48.5
122.1
175.7
135.5
81.2
98.0
138.7
164.6
280.6
299.8
276.7
255.8
174.0
169.2
234.2
226.3
209.3
121.0
205.7
198.0
257.0
331.5
334.3
282.4
191.1
177.0
250.9
209.2
198.8
258.7
195.0
259.3
336.0
323.7
349.1
220.4
90.5
390.8
261.8
150.6
217.4
232.8
187.7
238.2
323.5
353.7
290.1
189.2
216.4
317.2
224.9
185.2
164.2
115.1
228.8
270.4
256.5
403.1
285.8
220.6
135.8
258.7
215.9
202.6
220.1
303.0
192.6
281.7
114.7
322.7
313.8
382.5
90.9
295.9
254.0
231.2
171.4
88.8
210.8
278.1
306.9
383.2
435.8
141.6
243.5
185.7
293.7
197.4
82.5
138.3
147.2
207.7
361.4
366.9
427.2
211.5
304.0
151.2
279.7
189.3
83.0
124.3
174.1
200.1
388.1
335.3
458.4
145.0
22.6
148.2
308.0
259.7
100.1
101.0
250.7
267.3
355.5
432.5
500.6
262.5
26.6
159.9
246.3
232.7
147.9
110.6
197.8
216.6
260.8
405.1
253.8
159.6
193.9
93.4
160.4
243.8
120.3
165.8
110.1
199.2
240.2
406.3
238.5
329.2
162.4
302.1
295.5
205.7
103.9
120.4
189.8
223.6
217.4
405.7
262.6
292.0
55.8
235.6
204.9
283.2
125.7
110.1
79.8
292.8
394.4
325.8
298.4
137.7
155.1
156.5
203.3
188.0
143.1
111.9
116.1
165.9
345.2
288.8
250.4
